STA : 0.00513, 0.00564, 0.00627, 0.00683, 0.00698, 0.00717, 0.00740, 0.00745, 0.00760, 0.00775
SYS : 0.00316, 0.00132, 0.00509, 0.00351, 0.00139, 0.00273, 0.00180, 0.00257, 0.00272, 0.00235
TOT : 0.00602, 0.00579, 0.00807, 0.00768, 0.00712, 0.00767, 0.00761, 0.00788, 0.00807, 0.00809
mean values --------------------
STA : 0.00682
JES : 0.00161
JER : 0.00076
PU : 0.00142
TOT : 0.00266
TOT2 : 0.00740
range values --------------------
STA : 0.00513, 0.00775
JES : 0.00024, 0.00342
JER : 0.00015, 0.00158
PU : 0.00028, 0.00507
TOT : 0.00132, 0.00509
TOT2 : 0.00579, 0.00809
MAX values --------------------
STA : 0.00513, 0.00564, 0.00627, 0.00683, 0.00698, 0.00717, 0.00740, 0.00745, 0.00760, 0.00775
JES : 0.00098, 0.00110, 0.00024, 0.00342, 0.00124, 0.00217, 0.00087, 0.00227, 0.00164, 0.00213
JER : 0.00057, 0.00064, 0.00040, 0.00065, 0.00056, 0.00158, 0.00135, 0.00054, 0.00117, 0.00015
PU : 0.00295, 0.00034, 0.00507, 0.00042, 0.00028, 0.00049, 0.00079, 0.00107, 0.00183, 0.00098
raw values --------------------
sta. : 0.00513, 0.00564, 0.00627, 0.00683, 0.00698, 0.00717, 0.00740, 0.00745, 0.00760, 0.00775
jes_u : 0.00098, 0.00110, 0.00024, 0.00083, 0.00124, 0.00158, 0.00087, 0.00044, 0.00020, 0.00213
jes_d : 0.00024, 0.00043, 0.00010, 0.00342, 0.00032, 0.00217, 0.00014, 0.00227, 0.00164, 0.00087
jer_u : 0.00057, 0.00064, 0.00040, 0.00017, 0.00056, 0.00062, 0.00088, 0.00054, 0.00117, 0.00012
jer_d : 0.00027, 0.00057, 0.00009, 0.00065, 0.00026, 0.00158, 0.00135, 0.00028, 0.00014, 0.00015
pu_u : 0.00295, 0.00034, 0.00507, 0.00042, 0.00028, 0.00049, 0.00079, 0.00107, 0.00183, 0.00020
pu_d : 0.00005, 0.00031, 0.00034, 0.00009, 0.00006, 0.00039, 0.00010, 0.00016, 0.00041, 0.00098
BIN : 1.67929, 1.38736, 1.12399, 0.94498, 0.90485, 0.85828, 0.80627, 0.79546, 0.76376, 0.73577
